[0;5;30;40mXXXXXXXXXXXXXXXXXXXXXXXXXXXXXXXXXXXXXXXXXXXXXXXXXXXXXXXXXXXXXXXXXXXXXXXXXXXXXXXXXXXXXXXXXXXXXXXXXXXX[0m
[0;5;30;40mXXX[0;5;34;40mX[0;5;30;40m8SX[0;5;34;40mX[0;5;30;40m8SX[0;5;34;40mX[0;5;30;40m8SX[0;5;34;40mX[0;5;30;40m8SX[0;5;34;40mX[0;5;30;40m8SX[0;5;34;40mX[0;5;30;40m8SX[0;5;34;40mX[0;5;30;40m8SX[0;5;34;40mX[0;5;30;40m8SX[0;5;34;40mX[0;5;30;40m8SX[0;5;34;40mX[0;5;30;40m8SX[0;5;34;40mX[0;5;30;40m8SX[0;5;34;40mX[0;5;30;40m8SX[0;5;34;40mX[0;5;30;40m8SX[0;5;34;40mX[0;5;30;40m8SX[0;5;34;40mX[0;5;30;40m8SX[0;5;34;40mX[0;5;30;40m8SX[0;5;34;40mX[0;5;30;40m8SX[0;5;34;40mX[0;5;30;40m8SX[0;5;34;40mX[0;5;30;40m8SX[0;5;34;40mX[0;5;30;40m8SX[0;5;34;40mX[0;5;30;40m8SX[0;5;34;40mX[0;5;30;40m8SX[0;5;34;40mX[0;5;30;40m8SX[0;5;34;40mX[0;5;30;40m8SXX[0m
[0;5;30;40mXXX8SXX8SXX8[0;5;32;40mS[0;5;30;40m8@@SXX8SXX8SS@8SXX8XSX8XXX8SXX8SXX8SXX8SXX8SXX8SXX8SXX8[0;5;32;40mS[0;5;30;40m8@@SX@8SXX8SXX8SXX8XXX8SXX8[0;5;32;40mS[0;5;30;40m8[0;5;34;40m@[0;5;30;40m8[0m
[0;5;30;40mXXXSXXXSXXS@[0;5;34;40m8[0;5;30;40m8SXXXSSXXXSXXSSXXXSXXXSXXSXXXSXXXSSXXXSXXXSXXXSXXXSXXX@[0;5;34;40m8[0;5;30;40m8SXXXSSXXSXX[0;5;34;40mX[0;5;30;40m8[0;5;32;40mX[0;5;30;40m8[0;5;34;40m@[0;5;30;40m8[0;5;32;40mX[0;5;30;40m8[0;5;34;40m@[0;5;30;40m8[0;5;32;40mX[0;5;30;40m8[0;5;34;40m@[0;5;30;40m8X8@@S[0m
[0;5;30;40mX[0;5;34;40mX[0;5;30;40m8SX[0;5;34;40mX[0;5;30;40m8SX[0;5;34;40mX[0;5;30;40m8@@XSXX[0;5;34;40m@[0;5;30;40m8SXXXX[0;5;34;40mX[0;5;30;40m8SXX[0;5;34;40mX[0;5;30;40m8SX[0;5;34;40mX[0;5;30;40m8SX[0;5;34;40mX[0;5;30;40m8SXX[0;5;34;40mX[0;5;30;40m8SXXX[0;5;34;40mX[0;5;30;40m8SXX[0;5;34;40mX[0;5;30;40m8SX[0;5;34;40mX[0;5;30;40m8SX[0;5;34;40mX[0;5;30;40m8SXX[0;5;34;40mX[0;5;30;40m88XSX[0;5;34;40mX[0;5;30;40m8SXX[0;5;34;40mX[0;5;30;40m8S@8X8@@X8@@X[0;5;34;40m8[0;5;30;40m@8[0;5;32;40m@[0;5;30;40m8[0;5;34;40m@[0;5;30;40m@XX[0m
[0;5;30;40mX8SXX8SXX8[0;5;32;40mX[0;5;30;40m8[0;5;34;40mX[0;5;30;40m8XXX8[0;5;32;40mX[0;5;30;40m8[0;5;34;40m@[0;5;30;40m8S@8[0;5;32;40mS[0;5;30;40m8[0;5;34;40m@[0;5;30;40m88[0;5;32;40mX[0;5;30;40m8@@XS@8[0;5;32;40mX[0;5;30;40m8[0;5;34;40m@[0;5;30;40m88[0;5;32;40mX[0;5;30;40m8[0;5;34;40m@[0;5;30;40m8X8XX[0;5;34;40mX[0;5;30;40m88[0;5;32;40mX[0;5;30;40m8@@XS@8[0;5;32;40mX[0;5;30;40m8[0;5;34;40m@[0;5;30;40m88[0;5;32;40m@[0;5;30;40m@XXX8SXXX8SXSSX[0;5;34;40mX[0;5;30;40m8SX[0;5;34;40mX[0;5;30;40m8S@@@X@@XXSX[0m
[0;5;30;40mXSXXSXXXS@[0;5;34;40m8[0;5;30;40m8@[0;5;32;40mX[0;5;30;40m8[0;5;34;40m@[0;5;30;40m8X8@@SXS@[0;5;34;40m8[0;5;30;40m88[0;5;32;40m@[0;5;30;40m8[0;5;34;40m8[0;5;30;40m8SSXXS@[0;5;34;40m8[0;5;30;40m88[0;5;32;40m@[0;5;30;40m8[0;5;34;40m8[0;5;30;40m88[0;5;32;40mX[0;5;30;40m8[0;5;34;40mS[0;5;30;40m8@8[0;5;32;40mX[0;5;30;40m8[0;5;34;40m8[0;5;30;40m8SSXXS@[0;5;34;40m8[0;5;30;40m88[0;5;32;40m@[0;5;30;40m8[0;5;34;40m@[0;5;30;40m8X[0;5;34;40mX[0;5;30;40m8[0;5;32;40mX[0;5;30;40m8[0;5;34;40m@[0;5;30;40m8SSXXXXX@SSX8SXSXSX[0;5;34;40m@[0;5;30;40m@XSXX[0m
[0;5;30;40mXXX[0;5;34;40mX[0;5;30;40m8SXX[0;5;34;40mX[0;5;30;40m88[0;5;32;40m@[0;5;30;40m@[0;5;34;40m@[0;5;30;40m88[0;5;32;40mX[0;5;30;40m8[0;5;34;40m@[0;5;30;40m@SXX[0;5;34;40mX[0;5;30;40m88[0;5;32;40m@[0;5;30;40m8[0;5;34;40m8[0;31;40mS[0;32;40m;[0;31;40m;[0;34;40m;[0;32;40m;[0;34;40m;[0;32;40m;[0;34;40m:[0;1;30;40mS[0;5;30;40m8[0;1;30;40m8[0;31;40m%[0;34;40mt[0;31;40mt[0;32;40m;[0;31;40m;[0;1;30;40m@[0;5;30;40m8[0;5;34;40m@[0;5;30;40m8[0;5;32;40m@[0;5;30;40m8[0;5;34;40m@[0;5;30;40m8@@[0;1;30;40m8[0;32;40m:[0;34;40m:[0;32;40m;[0;34;40m;[0;32;40m:[0;1;30;40mS[0;5;30;40m8[0;5;32;40mX[0;5;30;40m8[0;5;34;40m@[0;5;30;40m8@XX8X8@@XXXXX[0;5;34;40mX[0;5;30;40m8SXSXXSXXXSX@8XXX[0;5;34;40mX[0;5;30;40m8[0m
[0;5;30;40mXXX8XSXX8[0;5;32;40mX[0;5;30;40m8[0;5;34;40m@[0;5;30;40m8@X@@@XXXXX8[0;5;32;40m@[0;5;30;40m8[0;5;34;40m@[0;5;30;40m8X[0;1;30;40m@[0;32;40m:[0;5;36;40m8[0;1;30;46m%88[0;5;36;40m8[0;34;40m:[0;31;40mt[0;1;30;40m8[0;31;40mS[0;32;40mt[0;5;34;40mS[0;1;30;46mt@SX[0;31;40mS[0;1;30;40m8[0;31;40mSS[0;1;30;40m@[0;31;40mS[0;1;30;40m@[0;31;40mS[0;1;30;40m@[0;31;40mt[0;34;40m;[0;5;30;40m8[0;1;30;46mt[0;5;36;40m8[0;34;40m:[0;1;30;40mS[0;5;30;40m@[0;5;34;40m@[0;5;30;40m8@XXXXS[0;5;34;40mX[0;5;30;40m8SXSX[0;5;34;40mX[0;5;30;40m8@8[0;5;32;40mS[0;5;30;40m8[0;5;34;40m@[0;5;30;40m8SXXX[0;5;34;40mX[0;5;30;40m8SXSSXXX8X[0m
[0;5;30;40mXXX[0;5;34;40mS[0;5;30;40m8SXX@[0;5;34;40m8[0;5;30;40m8@@XXX[0;5;34;40m@[0;5;30;40m@XXX[0;5;34;40mX[0;5;30;40m8X8@@XX[0;1;30;40m@[0;31;40m:[0;1;30;46mt[0;1;36;46mX[0;5;37;46m@8[0;37;46mX[0;1;30;46m88[0;5;36;40m@[0;1;30;46m888[0;5;37;46mX[0;5;36;46mX[0;5;37;46m8[0;1;30;46m8@888[0;5;36;40m8[0;1;30;46m@[0;5;36;40m8888[0;1;30;46m88[0;5;36;46m@[0;37;46m@[0;1;30;46m8[0;5;36;40m8[0;1;30;40mX[0;31;40mX[0;1;30;40m88[0;5;30;40mXXXXX8SXX[0;5;34;40mX[0;5;30;40m88[0;5;32;40mX[0;5;30;40m8[0;5;34;40m@[0;5;30;40m8@8XSX[0;5;34;40mX[0;5;30;40m88[0;5;32;40mX[0;5;30;40m8[0;5;34;40m@[0;5;30;40m8XX[0;5;34;40mX[0;5;30;40m8[0;5;32;40mX[0;5;30;40m8[0m
[0;5;30;40mX[0;5;34;40mX[0;5;30;40m88[0;5;32;40mX[0;5;30;40m8[0;5;34;40m@[0;5;30;40m8@8@XXXXX8XSXX8XX[0;5;34;40mX[0;5;30;40m8XXX[0;1;30;40m8S[0;5;30;40mX[0;1;30;46m@[0;37;46mS[0;5;37;46mX@8888888[0;1;36;47m8[0;5;37;46m@@[0;5;36;46m8[0;1;36;47mX[0;1;36;46m888[0;36;47m8[0;5;36;46m@[0;36;47m8[0;5;37;46m@8@88@@[0;1;30;46m8[0;5;36;40m888[0;5;30;40m8[0;1;30;40m8[0;5;30;40m8[0;1;30;40m8[0;5;30;40m8XSXXX8[0;5;32;40mX[0;5;30;40m8[0;5;34;40m8[0;5;30;40m88XSSXXX8[0;5;32;40m@[0;5;30;40m8[0;5;34;40m8[0;5;30;40m88[0;5;32;40mX[0;5;30;40m8@@X[0;5;34;40m8[0;5;30;40m@[0m
[0;5;30;40mX8[0;5;32;40mX[0;5;30;40m8[0;5;34;40m8[0;5;30;40m88[0;5;32;40mX[0;5;30;40m8[0;5;34;40mS[0;5;30;40m8XSX[0;5;34;40mX[0;5;30;40m8XSX[0;5;34;40mX[0;5;30;40m8[0;5;32;40mX[0;5;30;40m8X@SXX[0;5;34;40mX[0;5;30;40m88[0;1;30;40m@[0;32;40mt[0;5;36;40m8[0;1;30;46mS[0;1;36;46m8[0;5;37;46m88[0;37;46m@[0;5;37;46m8[0;37;46m8[0;5;37;46m@8[0;5;36;46m8[0;1;36;47m8[0;5;37;46m88[0;5;36;46m8[0;1;36;47mX@[0;5;36;46m8@[0;36;47m8[0;5;36;46m%[0;1;36;47m@[0;5;36;46m8[0;1;36;47m8[0;5;36;46m@[0;37;46m@[0;5;36;46m@[0;5;37;46m8@@[0;1;36;46m@[0;1;36;47m@[0;1;30;46m@[0;5;36;40m8[0;34;40mt[0;32;40m;[0;34;40mt[0;5;30;40mXXX[0;5;34;40mX[0;5;30;40m8X8@@XXSXXX[0;5;34;40mX[0;5;30;40m8X88@XX8[0;5;34;40m@[0;5;30;40m8S@8X[0m
[0;5;30;40mX@[0;5;34;40m8[0;5;30;40m@@@X8X@SXXX8[0;5;32;40mX[0;5;30;40m8[0;5;34;40m@[0;5;30;40m88X8[0;5;34;40m@[0;5;30;40m8XSXX8[0;1;30;40mX[0;32;40m.[0;34;40m:t[0;32;40mt[0;5;30;40m8[0;1;30;46m8[0;1;36;46mX[0;5;37;46m8@8@[0;37;46m@[0;1;36;47m8X[0;5;36;46mX[0;1;36;47m8[0;5;37;46m8[0;1;36;47m8[0;5;36;46m@[0;1;36;47m88[0;5;37;46m8[0;5;36;46m@[0;36;47m8[0;5;36;46m@[0;1;36;47mX[0;5;37;46m88[0;5;36;46m8[0;36;47m8[0;5;36;46m8[0;1;36;46m8[0;36;47m8[0;5;36;46m@8[0;5;37;46m8[0;1;36;46m8[0;1;30;46m8[0;5;34;40mS[0;32;40mS[0;5;30;40mX[0;5;34;40m@[0;5;30;40m88[0;5;32;40mX[0;5;30;40m8[0;5;34;40m@[0;5;30;40m8SXSXX[0;5;34;40mX[0;5;30;40m88[0;5;32;40mX[0;5;30;40m8[0;5;34;40m@[0;5;30;40m@XX[0;5;34;40mX[0;5;30;40m8@XSXSX[0m
[0;5;30;40mXX@@XXX[0;5;34;40mX[0;5;30;40m8SXXXS@[0;5;34;40m8[0;5;30;40m8@[0;5;32;40m@[0;5;30;40m8[0;5;34;40mX[0;5;30;40m88[0;5;32;40mX[0;5;30;40m8[0;5;34;40m@[0;5;30;40m8XS[0;1;30;40m8[0;32;40m;[0;5;36;40m8[0;1;30;46m@[0;1;36;46m8[0;1;30;46m8[0;5;37;46m@[0;1;36;47m8[0;5;36;46m@[0;1;36;47m8[0;5;37;46m@@@[0;37;46mX[0;5;37;46m8[0;1;36;47m8[0;5;37;46mX88[0;1;36;47m8[0;5;37;46m@@88@[0;36;47m8[0;5;36;46m8[0;36;47m8[0;5;37;46m88@[0;1;36;47m8[0;5;37;46m@@[0;1;36;47m8[0;1;36;46m8[0;1;36;47mX[0;5;37;46m88[0;37;46m@[0;1;30;46m8[0;1;30;40m8[0;31;40m%[0;5;32;40mS[0;5;30;40m8[0;5;34;40m8[0;5;30;40m8@XXXX[0;5;34;40mX[0;5;30;40m88[0;5;32;40m@[0;5;30;40m8[0;5;34;40m8[0;5;30;40m8@XSX8[0;5;32;40mX[0;5;30;40m8XXSXX[0m
[0;5;30;40mXXXXSXX8SSXX[0;5;34;40mX[0;5;30;40m8X8X@@@@XX8@[0;1;30;40m8S[0;31;40m%[0;1;30;40m@[0;5;36;40m8[0;1;30;46m%[0;1;36;46mX[0;5;37;46m@[0;5;36;46m8[0;5;37;46m888[0;1;36;47m8[0;5;37;46m@[0;37;46m@[0;5;37;46m8[0;37;46m@[0;5;37;46m@[0;1;36;46m8[0;1;36;47m8[0;5;37;46m@@@@@[0;1;36;47m8[0;5;36;46m@[0;1;36;47m8[0;5;37;46m@8[0;1;36;47m@[0;1;36;46m8[0;36;47m8[0;5;37;46m8[0;37;46m@[0;5;37;46m@@@8@[0;1;36;46m8[0;5;37;46m@[0;1;36;46m8[0;5;37;46m@[0;1;30;46m8[0;5;36;40mt[0;31;40m@[0;1;30;40m@[0;31;40mS[0;5;30;40mXXSSXXX8[0;5;32;40m@[0;5;30;40m8[0;5;34;40m8[0;5;30;40m8@@XSXS@[0;5;34;40m8[0;5;30;40m@XX[0;5;34;40mX[0;5;30;40m8S[0m
[0;5;30;40mXXXXX[0;5;34;40mX[0;5;30;40m8[0;5;32;40mX[0;5;30;40m8[0;5;34;40m@[0;5;30;40m8@8[0;5;32;40mX[0;5;30;40m8SXX[0;5;34;40mX[0;5;30;40m@XSX[0;5;34;40m@[0;5;30;40m@[0;1;30;40m8[0;31;40m%[0;5;36;40m88[0;1;30;46mX[0;5;37;46m@@[0;37;46m@[0;5;37;46m@88[0;5;36;46mX[0;1;36;47m8[0;5;37;46mX@[0;37;46m@[0;5;37;46m@[0;37;46m@[0;5;37;46m8[0;5;36;46m8[0;36;47m8[0;5;36;46mX[0;36;47m8[0;5;37;46mX[0;5;36;46mX[0;1;36;47m88[0;1;36;46m8[0;1;36;47m8[0;5;37;46m@[0;36;47m8[0;5;37;46m8[0;36;47m8[0;5;36;46mX[0;1;36;47m8[0;5;37;46m@[0;36;47m8[0;5;37;46mX@[0;1;36;47m8[0;5;37;46m8[0;37;46m@[0;5;37;46mX[0;5;36;46m8[0;37;46m@[0;1;30;46m8[0;5;36;40m@[0;31;40mS[0;1;30;40m8[0;5;30;40mXSXX[0;5;34;40mX[0;5;30;40m8S@[0;5;34;40m8[0;5;30;40m8@@XSXXX[0;5;34;40mX[0;5;30;40m8@XXX8SX[0m
[0;5;30;40mXX[0;5;34;40mX[0;5;30;40m8X8X8@@[0;5;32;40mS[0;5;30;40m8[0;5;34;40m@[0;5;30;40m8@[0;5;34;40mX[0;5;30;40m8X8XSXX8X[0;1;30;40m8[0;31;40m%[0;5;36;40m8[0;1;36;46m8[0;5;37;46m@@88[0;1;36;47m@[0;5;36;46m8[0;1;36;47m88[0;5;37;46mX[0;1;36;47m8[0;5;36;46mX[0;1;36;47m@[0;1;36;46m8[0;5;36;46m@[0;36;47m8[0;5;36;46mS[0;5;37;46m@[0;1;36;46m@[0;5;37;46m@[0;1;36;47m88[0;5;36;46m%[0;36;47m@[0;1;36;47m8[0;1;36;46m8[0;1;36;47m8[0;5;37;46mX@8[0;36;47m8[0;5;36;46m@[0;36;47m8[0;5;37;46mX[0;37;46m@[0;5;37;46m@[0;1;36;46m@[0;1;36;47m8[0;5;37;46m@8[0;5;36;46m8[0;5;37;46m8[0;5;36;46m8[0;1;30;46m8[0;1;30;40m8[0;31;40m%[0;5;30;40m8[0;1;30;40m8[0;5;34;40mX[0;5;30;40m88[0;5;32;40mX[0;5;30;40m8X8XXSSXX[0;5;34;40mX[0;5;30;40m88[0;5;32;40m@[0;5;30;40m@XXSSXX[0m
[0;5;30;40mXX8[0;5;32;40mX[0;5;30;40m8[0;5;34;40mX[0;5;30;40m8[0;5;34;40mX[0;5;30;40m8X8X@XX8[0;5;32;40mX[0;5;30;40m8[0;5;34;40mS[0;5;30;40m8SXXSX[0;1;30;40m8[0;32;40mt[0;5;36;40m8[0;1;30;46mX[0;1;36;46m8[0;1;36;47m@[0;1;36;46m8[0;36;47m8[0;5;37;46m@[0;36;47m8[0;5;37;46m@@[0;1;36;46mX[0;1;36;47m8[0;5;36;46mX[0;36;47m8[0;5;36;46m@[0;1;36;47m8[0;5;36;46m@[0;1;36;47m8[0;5;37;46m8[0;1;36;46m8[0;1;36;47m8[0;5;36;46mX[0;1;36;47m8[0;5;37;46m8@[0;36;47m8[0;5;37;46m888[0;37;46m@[0;5;37;46mX8[0;1;36;47m8[0;5;36;46m@[0;1;36;47mX[0;5;37;46m@[0;36;47m8[0;5;37;46m8[0;36;47m8[0;5;37;46mX[0;1;36;47m8[0;5;37;46m88[0;5;36;46m8[0;1;30;46m8[0;1;30;40m8[0;34;40m:[0;32;40m.[0;31;40m:[0;5;30;40m@[0;5;32;40mX[0;5;30;40m8[0;5;34;40m8[0;5;30;40m@SSXXXX[0;5;34;40mX[0;5;30;40m88[0;5;32;40m@[0;5;30;40m8[0;5;34;40m@[0;5;30;40m8X[0;5;34;40mX[0;5;30;40m8XXX[0m
[0;5;30;40mXX@[0;5;34;40m8[0;5;30;40m8@@[0;5;32;40m8[0;5;30;40m@[0;5;34;40m@[0;5;30;40m@XSXX@[0;5;34;40m8[0;5;30;40m@@XXX[0;5;34;40mX[0;5;30;40m8X[0;5;34;40mX[0;5;30;40m@[0;1;30;40mX[0;31;40mt[0;5;36;40m@[0;1;30;46m8[0;1;36;47m8[0;5;37;46m@[0;37;46m@[0;5;37;46mX888[0;1;36;46mX[0;1;36;47m8[0;5;37;46m@88[0;1;36;47m8[0;5;36;46m@[0;1;36;47m88[0;5;36;46m@[0;37;46m8[0;5;36;46m%[0;1;36;47m8[0;5;37;46m@[0;1;36;46m8[0;36;47m8[0;5;37;46m@[0;37;46m@[0;5;37;46m%888[0;1;36;47m@[0;5;36;46m8[0;5;37;46m88[0;37;46m@[0;5;37;46mX[0;37;46m@[0;5;37;46m@[0;5;36;46m8[0;1;36;47m88[0;37;46mX[0;5;36;40m8[0;31;40m:[0;32;40m:[0;34;40mt[0;5;30;40mS@@@[0;5;36;40mS[0;5;30;40m8XX[0;5;34;40mX[0;5;30;40m8X8[0;5;32;40m@[0;5;30;40m8[0;5;34;40m@[0;5;30;40m8@X@8[0;5;32;40mX[0;5;30;40m8[0;5;34;40m@[0;5;30;40m8[0m
[0;5;30;40mXXX8X[0;5;32;40mX[0;5;30;40m@@@@XXX[0;5;34;40mX[0;5;30;40m8X@@XSXX8[0;5;32;40mX[0;5;30;40m8@X[0;1;30;40m8[0;31;40m;[0;1;30;40m@[0;5;31;40mX[0;1;30;46m8[0;5;37;46m8@8[0;1;36;46m8[0;37;46m@[0;5;37;46mX8@8[0;36;47m8[0;5;36;46m@[0;36;47m8[0;1;36;47m8[0;37;46m@[0;5;37;46m8[0;37;46m8[0;5;36;46mS[0;36;47m8[0;5;37;46mX[0;1;36;47m8[0;5;37;46m8@[0;37;46m@[0;5;37;46m8[0;36;47m8[0;5;37;46m@[0;37;46m@[0;5;36;46m8[0;37;46m@[0;5;37;46m88@@8[0;1;36;46m8[0;36;47m8[0;5;37;46m@[0;1;36;46m8[0;5;36;46m8[0;5;37;46m8[0;37;46mS[0;1;30;46m8[0;1;30;40m8[0;32;40m;[0;5;34;40mS[0;5;30;40m@X@@X[0;5;34;40mX[0;5;30;40m88[0;5;32;40mX[0;5;30;40m8[0;5;34;40m@[0;5;30;40m8X@SXXS@[0;5;34;40m8[0;5;30;40m88[0;5;32;40mX[0m
[0;5;30;40mXXXS@8[0;5;34;40m@[0;5;30;40m8XX[0;5;34;40mX[0;5;30;40m8@8[0;5;32;40mS[0;5;30;40m8XSXXXX@[0;5;34;40m8[0;5;30;40m8[0;1;30;40m8[0;32;40mt[0;5;36;40m8[0;1;30;46mX[0;37;46mSX[0;5;37;46m@[0;1;36;47m@[0;5;36;46mX[0;1;36;47m8[0;5;37;46m8@@[0;1;36;47m8[0;1;36;46mX[0;5;37;46m88[0;1;36;47mX@@[0;5;37;46m8@88X@[0;5;36;46mX[0;36;47m8[0;5;36;46mX8[0;1;36;47m@[0;5;36;46mX[0;1;36;47m@@[0;36;47m8[0;5;36;46m%[0;36;47m8[0;5;36;46m8[0;36;47m8[0;5;36;46m8[0;1;36;47mX[0;5;37;46m8@[0;37;46m@[0;1;36;47m8[0;5;37;46m8[0;5;36;46m8[0;5;37;46m8[0;1;30;46m@[0;34;40mX[0;31;40mt[0;5;32;40m@[0;5;30;40mX[0;5;34;40m@[0;5;30;40m@XX@[0;5;32;40mX[0;5;30;40m@[0;5;34;40m@[0;5;30;40m@@XXXSX[0;5;34;40mX[0;5;30;40m8@@[0;5;32;40mX[0;5;30;40m@@[0m
[0;5;30;40mXXXX[0;5;34;40m@[0;5;30;40m@@XXX8[0;5;32;40mX[0;5;30;40m8[0;5;34;40m@[0;5;30;40m8XXXX[0;5;34;40mX[0;5;30;40m8SX8X[0;1;30;40m8[0;31;40m;[0;1;30;46mS[0;1;36;46m8[0;5;37;46mX[0;5;36;46m@[0;1;36;47m8[0;5;36;46mX[0;1;36;47m@[0;5;37;46m8@[0;36;47m8[0;5;36;46mX[0;36;47m8[0;1;37;47mX.:.;ttXX[0;5;36;46mX[0;1;36;47m8[0;5;37;46m8[0;1;36;47m8[0;5;36;46m%[0;36;47m8[0;5;36;46m@[0;1;36;47mX[0;5;37;46m@[0;5;36;46m8[0;1;36;47mX[0;36;47m8[0;1;37;47m;:;t[0;1;36;46m8[0;5;36;46m8[0;36;47m8[0;5;36;46mX[0;1;36;47m@[0;1;36;46m8[0;36;47m@[0;5;37;46m8@[0;1;30;46m8[0;1;30;40m8[0;32;40m;[0;5;34;40mX[0;5;30;40m8X@SSX[0;5;34;40m@[0;5;30;40m@X@XSX[0;5;34;40mX[0;5;30;40m8X8[0;5;32;40mX[0;5;30;40m@@[0;5;34;40m@[0;5;30;40m8X[0m
[0;5;30;40mX[0;5;34;40mX[0;5;30;40m8X8XXX[0;5;34;40mX[0;5;30;40m8X[0;5;34;40m8[0;5;30;40m@@XX[0;5;34;40mX[0;5;30;40m8@@[0;5;32;40mX[0;5;30;40m8[0;5;34;40m@[0;5;30;40m8X[0;1;30;40m8[0;31;40m%[0;5;30;40mX[0;1;30;46m8[0;5;36;40m@X[0;1;30;46m8[0;5;36;40m:[0;1;30;46m88[0;37;46m8[0;5;37;46m8[0;36;47m8[0;5;37;46m8[0;1;37;47m88;[0;1;33;47m8[0;1;31;47m8[0;1;33;47mX[0;1;37;47m [0;5;37;47m888[0;1;36;47mX[0;5;37;46m@@8[0;5;36;46m@[0;37;46m@[0;5;36;46m@[0;1;36;47mX[0;1;30;47m.t:[0;33;47mX[0;1;37;47mt@X%[0;36;47mX[0;5;36;46mX[0;36;47m8[0;5;36;46m@[0;1;36;47m@[0;5;36;46m8[0;37;46m8[0;1;30;46m88[0;1;30;40m8@[0;5;30;40m@XXX[0;5;34;40mS[0;5;30;40m8XXXXSSXX8[0;5;32;40mS[0;5;30;40m8[0;5;34;40m@[0;5;30;40m8@X@X@[0m
[0;5;30;40mX8SXSXS@8[0;5;32;40mS[0;5;30;40m8@XXXX8SS@[0;5;34;40m8[0;5;30;40m88[0;5;32;40m@[0;5;30;40m@8[0;1;30;40m@[0;31;40mX@[0;1;30;40m8[0;30;41m8[0;5;35;40m@%[0;5;31;40m@8[0;5;36;40m:[0;36;47m8[0;1;36;47mS[0;5;37;47mXt@[0;33;47m8[0;30;41m;@[0;1;30;41m8[0;1;37;47m [0;5;37;47m88X[0;1;37;47mX[0;5;37;46m8[0;1;36;46mS[0;37;46m@[0;5;37;46m8[0;1;36;47m@[0;1;37;47mtt[0;1;30;47m:[0;30;41m88[0;5;33;40m8[0;1;33;47mX[0;5;37;47m88[0;1;37;47mS@[0;36;47m8[0;5;36;46mS[0;1;30;47mS[0;36;47m8@[0;1;30;46m8[0;5;30;40m8[0;31;40mX[0;5;36;40m@[0;5;30;40m8XXXX8[0;5;32;40mS[0;5;30;40m@XSXXXXX@[0;5;34;40m8[0;5;30;40m@@XXXX[0;5;34;40mX[0;5;30;40m@[0m
[0;5;30;40mXSXSXXXS@[0;5;34;40m8[0;5;30;40m@XXXXSXXXX8@X@[0;5;34;40m@[0;5;30;40m8X8[0;34;40mt[0;31;40m@8[0;5;33;40m:[0;1;37;47m [0;1;33;47mX[0;1;31;45m8[0;1;30;47mS[0;1;36;47m8[0;1;37;47m;[0;5;37;47m@%8[0;1;30;43m8[0;30;41m8[0;31;40mX[0;5;31;40mX[0;1;30;47m8[0;5;37;47m8[0;5;1;33;47m8[0;5;37;47m8[0;1;37;47mt[0;1;36;46m8[0;1;36;47m8[0;5;36;46m8[0;1;37;47mt8[0;5;37;47mSS[0;1;30;47mt[0;31;40m@X[0;1;30;41m8[0;1;30;47m8[0;5;37;47m8[0;5;1;33;47m8[0;5;37;47m8[0;1;37;47m@[0;1;30;47m@X[0;1;33;47m%[0;33;47mSS[0;1;30;47m8[0;30;41m@[0;31;40m%[0;5;30;40m@XX[0;5;34;40mX[0;5;30;40m8SX[0;5;34;40m8[0;5;30;40m@XX[0;5;34;40mX[0;5;30;40m8SX[0;5;34;40mX[0;5;30;40m8@@XXX[0;5;34;40mX[0;5;30;40m8@@[0m
[0;5;30;40mXXXX[0;5;34;40mX[0;5;30;40m8SXX8XXSXXXX[0;5;34;40mX[0;5;30;40m8SXSX@@XX@[0;5;34;40mS[0;1;30;40m8[0;1;30;41m@[0;1;30;43m8[0;1;37;47m [0;1;31;47mS[0;33;47m88[0;1;30;47m8[0;1;37;47m:[0;5;37;47m@[0;5;1;33;47m8[0;5;37;47m8[0;1;30;47m8[0;30;41m8[0;31;40mS[0;5;31;40m@[0;1;30;47m8[0;5;37;47m888[0;1;37;47mS[0;36;47m8[0;1;36;47mX[0;1;37;47m888[0;5;37;47m@@[0;33;47m8[0;1;30;41m8[0;31;40mt[0;5;31;40m8[0;33;47mX[0;5;37;47m88[0;5;1;33;47m8[0;1;37;47m [0;1;30;43m8[0;1;30;47m8[0;1;31;47m@[0;1;33;47mS[0;5;37;41m8[0;5;33;40m [0;1;30;41m%[0;1;30;40mS[0;5;30;40mX[0;5;34;40m@[0;5;30;40m@@[0;5;32;40m@[0;5;30;40m8@XXXX8[0;5;32;40mS[0;5;30;40m8@@[0;5;32;40m@[0;5;30;40m@XXXX8[0;5;32;40mX[0;5;30;40m@X[0m
[0;5;30;40mXX[0;5;34;40m@[0;5;30;40m88[0;5;32;40mX[0;5;30;40m8[0;5;34;40m@[0;5;30;40m8[0;5;32;40mX[0;5;30;40m8[0;5;34;40m@[0;5;30;40m8SX[0;5;34;40mX[0;5;30;40m88[0;5;32;40mX[0;5;30;40m8[0;5;34;40mX[0;5;30;40m8SXX[0;5;34;40mX[0;5;30;40m8XX[0;1;30;40m@[0;31;40m8[0;1;30;41m8[0;1;31;47m8[0;1;31;43m8[0;31;45m8[0;1;30;43m8[0;5;37;41m8[0;1;33;47mX[0;1;37;47m:[0;5;37;47m88[0;5;37;41m8[0;5;31;40m@@[0;5;35;40mt[0;1;37;47m [0;5;37;47m8[0;5;1;33;47m8[0;5;37;47m88[0;1;37;47m88[0;5;37;47m88[0;5;1;33;47m8[0;5;37;47m88[0;1;33;47m@[0;1;30;41m8[0;5;31;40m8[0;5;35;40mt[0;1;37;47m [0;5;37;47m8[0;5;1;33;47m8[0;5;37;45m8[0;5;37;43m8[0;1;31;45m8[0;1;30;43m8[0;5;35;41m8[0;5;33;40m .[0;1;30;41m8[0;31;40m8[0;1;30;40mX[0;5;30;40m@X@X@[0;5;34;40m@[0;5;30;40m@XXXS@[0;5;34;40m8[0;5;30;40m8S@[0;5;34;40m8[0;5;30;40m@XXXX@[0;5;34;40m8[0;5;30;40m@X[0m
[0;5;30;40mXX8[0;5;32;40m@[0;5;30;40m8[0;5;34;40m8[0;5;30;40m88X8X@XSX8[0;5;32;40m@[0;5;30;40m8[0;5;34;40m8[0;5;30;40m88XSXX8[0;5;32;40mS[0;5;30;40m8X@8[0;5;31;40m8[0;31;40m8[0;5;31;40m@[0;31;40m8[0;5;31;40m8[0;5;35;40mS[0;1;31;47m8[0;1;37;47m [0;5;37;47m8[0;5;1;33;41m8[0;5;37;47m8[0;1;35;47mX[0;1;33;47mS[0;1;37;47m [0;5;37;47m8[0;5;1;33;47m8[0;5;37;47m88[0;5;1;33;47m8[0;5;37;47m88[0;5;1;37;43m8[0;5;37;47m88[0;5;1;37;43m8[0;5;37;47m8[0;1;37;47m  [0;1;35;47m%[0;1;33;47mS[0;5;37;45m8[0;5;1;31;43m8[0;5;1;35;47m8[0;5;37;43m8[0;1;35;47m8[0;33;41m%[0;30;41m8[0;5;31;40m@[0;1;30;41mSS[0;1;30;40m8[0;5;30;40m88@XSX@@XSXX[0;5;34;40mX[0;5;30;40m8@XXX8XX[0;5;34;40mX[0;5;30;40m8SX@@S[0m
[0;5;30;40mXS@[0;5;34;40m8[0;5;30;40m8@@[0;5;32;40mX[0;5;30;40m@[0;5;34;40m@[0;5;30;40m@XSXX@[0;5;34;40m8[0;5;30;40m8@XXSXXXX8[0;5;34;40m@[0;5;30;40m@X@[0;1;30;40m88[0;34;40m%[0;31;40m%[0;30;41m8[0;5;31;40m8[0;1;30;43m8[0;5;37;41m8[0;1;35;47mX[0;5;37;47m8[0;5;1;35;41m8[0;5;37;47m8[0;1;37;47m [0;5;37;47m8[0;5;1;37;43m8[0;5;1;37;45m8[0;5;1;33;47m8[0;5;37;47m88[0;5;1;33;47m8[0;5;37;47m888888[0;5;1;33;47m8[0;5;37;45m8[0;5;1;37;43m8[0;5;37;45m8[0;5;1;37;43m8[0;5;37;45m8[0;5;37;43m8[0;5;1;35;41m8[0;1;30;43m8[0;1;30;41mX[0;31;40mt;[0;1;30;40m8X8[0;5;30;40mX@XXX[0;5;34;40mX[0;5;30;40m8XSX[0;5;34;40mX[0;5;30;40m88[0;5;32;40m@[0;5;30;40m@XXXSXX8SXXSXX[0m
[0;5;30;40mXXX8XX@[0;5;34;40m@[0;5;30;40m8X@SXX[0;5;34;40mX[0;5;30;40m88@XSXXX[0;5;34;40mX[0;5;30;40m8SX@XX[0;5;34;40mX[0;5;30;40m@S8[0;1;30;40m88[0;1;30;41mX@8[0;5;37;41m8[0;1;37;47m [0;5;1;33;47m8[0;1;35;47mS[0;5;1;37;43m8[0;5;1;37;45m8[0;5;1;33;47m8[0;5;37;47m8[0;1;37;47m [0;5;1;33;41m8[0;1;35;47mS[0;5;37;41m8[0;1;31;47mX88[0;1;33;47m8[0;1;31;47mS[0;5;37;47m88[0;5;1;33;47m8[0;5;1;37;45m8[0;5;37;43m8[0;5;37;45m8[0;5;1;31;43m8[0;35;47m8[0;33;41m8[0;1;30;41m8[0;31;40mX[0;5;30;40m8XXX[0;5;34;40mX[0;5;30;40m@SX[0;5;34;40mX[0;5;30;40m88[0;5;32;40mX[0;5;30;40m8[0;5;34;40m@[0;5;30;40m88[0;5;32;40m@[0;5;30;40m@[0;5;34;40m@[0;5;30;40m8X[0;5;34;40mX[0;5;30;40m8SXSXXXXX[0;5;34;40mX[0;5;30;40m8[0m
[0;5;30;40mXXXSXXX@@XSXXX8[0;5;32;40m@[0;5;30;40m8SXSXXX8SXXSXX8SXSX[0;1;30;40m8[0;31;40mt[0;1;30;40m8[0;1;30;41mX8[0;5;37;41m8[0;1;31;47mS[0;5;37;47m8[0;1;37;47m [0;5;1;33;47m8[0;5;1;37;45m8[0;5;1;37;43m8[0;5;37;45m8[0;5;37;41m8[0;1;30;43m8[0;5;31;40mS[0;1;30;41m8[0;5;31;40m8[0;1;30;41m88[0;33;47mX[0;5;37;47m88[0;5;1;33;47m8[0;1;37;47m [0;1;31;47mS[0;1;33;47m@[0;1;31;45m8[0;5;33;40m:[0;1;30;41m8[0;34;40m%[0;5;30;40mXX[0;5;34;40m@[0;5;30;40m8@@XXX8[0;5;32;40mX[0;5;30;40m8[0;5;34;40m@[0;5;30;40m8@[0;5;32;40m@[0;5;30;40m@@@8XX8XSXX[0;5;34;40mX[0;5;30;40m8SXX8X[0m
[0;5;30;40mX[0;5;34;40mX[0;5;30;40m8SXXXXSXXXXX@[0;5;34;40m8[0;5;30;40m@XXX[0;5;34;40mX[0;5;30;40m8SXSX[0;5;34;40mX[0;5;30;40m8XSSXXX[0;5;34;40mX[0;5;30;40m8[0;5;34;40mS[0;5;30;40m@[0;1;30;40m8[0;31;40m8[0;5;33;40m@[0;1;30;41m8[0;5;33;41m [0;1;33;47mS[0;5;37;41m8[0;1;33;47mX[0;1;37;47m [0;5;1;33;47m8[0;5;37;47m8[0;1;37;47m  ::  [0;1;33;47m%[0;1;37;47m [0;5;1;33;41m8[0;5;37;45m8[0;5;1;33;41m@[0;1;31;45m8[0;5;33;40m:[0;5;31;40m8[0;1;30;41m8[0;5;30;40mXXXX8[0;5;32;40mX[0;5;30;40m@SXXS@[0;5;34;40m8[0;5;30;40m@@X@X[0;5;34;40m@[0;5;30;40m8XX[0;5;34;40mX[0;5;30;40m8XSXXX8XSXSSX[0m
[0;5;30;40mX8XSX[0;5;34;40mX[0;5;30;40m8XX[0;5;34;40mX[0;5;30;40m8SX[0;5;34;40mX[0;5;30;40m88XX[0;5;34;40mX[0;5;30;40m88[0;5;32;40mX[0;5;30;40m8[0;5;34;40m@[0;5;30;40m8@8[0;5;32;40mX[0;5;30;40m8[0;5;34;40m@[0;5;30;40m8XXX8[0;5;32;40m@[0;1;30;40m8X[0;31;40mS[0;5;33;40m:[0;1;30;47m [0;1;37;47mXS[0;33;47m8[0;1;31;47m8[0;5;35;41mt[0;1;31;47m@8[0;1;33;47mS[0;1;37;47m [0;5;37;43m8[0;1;35;47mS[0;5;37;43m8[0;1;31;47mS[0;1;33;47mS[0;5;1;35;41m@[0;1;33;47m8[0;5;35;41mt[0;5;33;40m;[0;1;30;47m8[0;5;37;47mX@[0;1;33;47mS[0;1;30;47mS[0;5;33;40m%[0;1;30;40mS[0;5;30;40m@S@[0;5;34;40m8[0;5;30;40m@XXX[0;5;34;40mX[0;5;30;40m8@@XXX@@X@X@XSXXX[0;5;34;40mX[0;5;30;40m8[0;5;32;40mX[0;5;30;40m8[0;5;34;40m@[0;5;30;40m8SX[0m
[0;5;30;40mXSXXX8XSX8SXX8[0;5;32;40mX[0;5;30;40m8[0;5;34;40mX[0;5;30;40m88[0;5;32;40m@[0;5;30;40m8[0;5;34;40m8[0;5;30;40m88[0;5;32;40mX[0;5;30;40m8[0;5;34;40m@[0;5;30;40m8@8[0;5;32;40mX[0;5;30;40m8[0;5;34;40m@[0;5;30;40m8S8[0;1;30;40m@[0;31;40mt[0;5;33;40m [0;1;37;47m8[0;5;37;47mX8[0;5;37;43m8[0;5;37;47m8[0;1;37;47m8[0;1;30;47m [0;31;43m8[0;5;31;40mS[0;5;37;41m888[0;5;33;41m:[0;1;30;47m8[0;5;33;41m [0;1;30;47m8[0;1;31;43m8[0;5;31;40m8[0;5;37;40mt[0;1;37;47m;[0;5;37;47m8:[0;1;33;47mS[0;5;37;47m8[0;1;33;47m@[0;1;30;47m%[0;1;30;42m8[0;31;40m%[0;5;34;40mS[0;5;30;40m8@@SXX8[0;5;32;40m@[0;5;30;40m@XXX[0;5;34;40mX[0;5;30;40m8XX[0;5;34;40mX[0;5;30;40m8[0;5;32;40mX[0;5;30;40m8[0;5;34;40m@[0;5;30;40m8SX8X8@@SXX[0m
[0;5;30;40mXXX[0;5;34;40mX[0;5;30;40m8[0;5;32;40mX[0;5;30;40m8[0;5;34;40m@[0;5;30;40m8[0;5;32;40mX[0;5;30;40m8[0;5;34;40m@[0;5;30;40m8X8X8[0;5;32;40mX[0;5;30;40m@[0;5;34;40m@[0;5;30;40m8@@X8X8XS@[0;5;34;40m8[0;5;30;40m88[0;5;32;40mX[0;5;30;40m8[0;1;30;40m@[0;34;40m;[0;5;33;40m;[0;1;37;47m.[0;5;37;47m;88[0;5;1;37;43m8[0;5;37;47m88[0;1;33;47mS[0;33;47m@8[0;1;33;47mX[0;1;37;47m;XXt@  [0;37;43m8[0;33;47mS[0;5;37;47m [0;1;37;47m8[0;5;37;43m8[0;5;37;47m888[0;1;33;47mS[0;1;30;47m8[0;32;40m@[0;1;30;40m8[0;5;30;40mXXXX[0;5;34;40mX[0;5;30;40m8X8[0;5;34;40m@[0;5;30;40m@XX8XSX8X@@@XXSX[0;5;34;40mX[0;5;30;40m@SXXX[0;5;34;40mX[0m
[0;5;30;40mXXX8X8@@X8@@XS[0;5;34;40mX[0;5;30;40m8X8X8XXXX[0;5;34;40m@[0;5;30;40m8SXXX8XX8[0;1;30;40m8[0;5;30;40m@[0;5;33;40mt[0;1;30;47m.[0;5;37;47m:X[0;5;37;43m8[0;1;37;47m [0;5;1;33;47m8[0;5;37;42m8[0;5;37;47m8[0;5;37;43m8[0;5;37;47m8[0;1;37;47mt[0;5;37;43m8[0;5;37;47m8:   .[0;1;37;47m88[0;5;37;43m8[0;1;33;47mS[0;5;1;33;47m8[0;1;37;47m [0;5;1;33;47m@[0;5;37;47m888[0;1;33;47m8[0;5;32;40m8[0;31;40mt[0;5;36;40m@[0;5;30;40m8XX8[0;5;32;40mX[0;5;30;40m8@@XXXSXXXSX[0;5;34;40m@[0;5;30;40m@XSXXX8SXX[0;5;34;40mX[0;5;30;40m88[0m
[0;5;30;40mXXXS[0;5;34;40mX[0;5;30;40m@SXX[0;5;34;40mX[0;5;30;40m8[0;5;32;40mS[0;5;30;40m8@@SX[0;5;34;40m@[0;5;30;40m@XXXXX8[0;5;32;40mS[0;5;30;40m8[0;5;34;40m@[0;5;30;40m8XSXX8[0;1;30;40m8[0;5;33;40mt[0;1;30;47m:[0;1;37;47m%[0;5;37;47m8[0;1;37;47m% [0;5;1;32;43m8[0;5;37;47m8[0;1;33;47mS[0;1;32;47mS[0;1;37;47m [0;5;37;43m8[0;1;36;47mS[0;1;33;47mX@88[0;33;47m8[0;5;37;43m8[0;1;33;47m88X[0;1;37;47m [0;1;33;47mS[0;1;32;47mS[0;1;37;47m [0;5;37;47m888[0;5;37;43m8[0;1;36;47m@[0;1;30;43m8[0;5;30;40m88XXX@[0;5;34;40m8[0;5;30;40m@XXSXXX[0;5;34;40mX[0;5;30;40m8SXX8XSXX[0;5;34;40mX[0;5;30;40m8[0;5;32;40mX[0;5;30;40m8[0;5;34;40m@[0;5;30;40m88[0;5;32;40m@[0;5;30;40m8[0m
[0;5;30;40mX[0;5;34;40mX[0;5;30;40m8@8SXXX@X8[0;5;34;40m@[0;5;30;40m8SXX8XXX[0;5;34;40mX[0;5;30;40m8S@[0;5;34;40m8[0;5;30;40m@8[0;5;32;40mX[0;5;30;40m8[0;5;34;40mX[0;5;30;40m8X[0;5;34;40m@[0;5;30;40m@[0;5;32;40m@@@@88[0;1;30;46mX[0;1;30;42mS[0;5;36;40m8[0;1;30;42m8[0;36;42m8[0;5;32;40m8[0;1;30;42m8[0;5;36;40m8[0;1;30;42m88[0;5;32;40mS@S[0;32;40m8[0;5;36;40m8[0;1;30;42m8@[0;5;36;40m8[0;1;30;42m8@SXX8[0;5;32;40m@[0;5;36;40mX[0;5;30;40m8XXX[0;5;34;40mX[0;5;30;40m8@XXX[0;5;34;40mX[0;5;30;40m8SX8[0;5;32;40mX[0;5;30;40m8[0;5;34;40m@[0;5;30;40m8[0;5;32;40mX[0;5;30;40m8[0;5;34;40m@[0;5;30;40m8@8X8@@[0;5;32;40m@[0;5;30;40m8[0;5;34;40m8[0;5;30;40m@[0m
[0;5;30;40mX8[0;5;32;40mX[0;5;30;40m8[0;5;34;40mS[0;5;30;40m8SXXS[0;5;34;40m@[0;5;30;40m8@[0;5;32;40mX[0;5;30;40m8[0;5;34;40m@[0;5;30;40m8[0;5;32;40mX[0;5;30;40m8[0;5;34;40m@[0;5;30;40m88[0;5;32;40mX[0;5;30;40m8@@@X@@@S@8X@@@@@XXX[0;5;32;40m8[0;5;30;40mS[0;5;32;40m%[0;5;30;40mX[0;5;32;40mX[0;5;30;40m8[0;5;34;40m8[0;5;30;40m88[0;5;34;40m8[0;5;30;40m8[0;5;34;40mX[0;5;30;40m8[0;5;34;40m@[0;5;30;40m8[0;5;32;40m8[0;5;30;40mX[0;5;32;40mS[0;5;30;40mX[0;5;32;40mS[0;5;34;40m8[0;5;30;40m8@8XX[0;5;34;40mX[0;5;30;40m88[0;5;32;40m@[0;5;30;40m@@[0;5;34;40mX[0;5;30;40m88[0;5;32;40mX[0;5;30;40m8[0;5;34;40m@[0;5;30;40m88@@X8@@X[0;5;32;40mS[0;5;30;40m8[0;5;34;40mX[0;5;30;40m@X@[0;5;34;40m8[0;5;30;40m8@X[0m
[0;5;30;40mX@[0;5;34;40m8[0;5;30;40m@8XSXXX8[0;5;32;40mX[0;5;30;40m8[0;5;34;40m8[0;5;30;40m@@@@@@[0;5;32;40mX[0;5;30;40m@[0;5;34;40m8[0;5;30;40m@XSS@[0;5;34;40m@[0;5;30;40m@XXSSX8[0;5;34;40m@[0;5;30;40m8X@[0;5;34;40mX[0;5;30;40m8X8[0;5;34;40m@[0;5;30;40m8X@@@X@@X@@8X8[0;5;34;40m@[0;5;30;40m8@@@XXXXX8[0;5;32;40m@[0;5;30;40m@[0;5;34;40m@[0;5;30;40m8X8[0;5;32;40mX[0;5;30;40m@[0;5;34;40m8[0;5;30;40m88[0;5;32;40mS[0;5;34;40m8[0;5;30;40m@XX[0;5;34;40mX[0;5;30;40m@XX8[0;5;34;40mX[0;5;30;40m8@S@8XXX[0m
[0;5;30;40mXX@@[0;5;32;40mX[0;5;30;40m8[0;5;34;40m@[0;5;30;40m8SXX8@@XXX[0;5;34;40m@[0;5;30;40m@X@@8XXXXX8XSXXX[0;5;34;40mX[0;5;30;40m8@XXX@XXX@X@[0;5;34;40m@[0;5;30;40m@XXXXXSSX[0;5;34;40mS[0;5;30;40m8@XX@[0;5;34;40mX[0;5;30;40m@XX[0;5;34;40mX[0;5;30;40m8X@@8XX@[0;5;34;40m8[0;5;30;40m8@X@@@XXX@XS[0;5;34;40m@[0;5;30;40m88[0;5;32;40m@[0;5;30;40m8[0;5;34;40m@[0;5;30;40m8[0;5;32;40mX[0;5;30;40m@@[0;5;34;40mX[0m
[0;5;30;40mXXX@[0;5;34;40m8[0;5;30;40m@8XSX[0;5;34;40mX[0;5;30;40m@XXXXX8XX[0;5;34;40m@[0;5;30;40m@XXX[0;5;34;40mX[0;5;30;40m8SSXXX[0;5;34;40mX[0;5;30;40m88[0;5;32;40m@[0;5;30;40m@@[0;5;34;40m@[0;5;30;40m@XSXXXXX@XX[0;5;34;40mX[0;5;30;40m8SXXXX8[0;5;32;40m@[0;5;30;40m@@[0;5;34;40mX[0;5;30;40m@@@S@8[0;5;32;40mS[0;5;30;40m8[0;5;34;40m@[0;5;30;40m@XX[0;5;34;40mX[0;5;30;40m@XX@XXXXXXXSX@8[0;5;32;40m@[0;5;30;40m@[0;5;34;40m@[0;5;30;40m8@X8[0;5;34;40m@[0;5;30;40m@@[0m
[0;5;30;40mXXXX@@[0;5;32;40mX[0;5;30;40m8[0;5;34;40m@[0;5;30;40m88SX[0;5;34;40mX[0;5;36;40mS [0;1;36;47m@X@[0;36;47mX[0;1;36;47m@[0;36;47m@8[0;5;36;40m@[0;5;30;40m88XSXX[0;5;34;40mX[0;5;30;40m88[0;5;32;40m@[0;5;30;40m8[0;5;34;40m@[0;5;30;40m8X@@SX[0;5;34;40mX[0;5;30;40m8SXXSXX8SX[0;5;34;40mX[0;5;30;40m8SX@[0;5;34;40m8[0;5;30;40m@X8X[0;5;32;40mX[0;5;30;40m8[0;5;34;40m@[0;5;30;40m8X8[0;5;34;40m@[0;5;30;40m@XXX8[0;5;36;40mt::%[0;5;30;40mSX[0;5;34;40mX[0;5;36;40m%%S%SS%%[0;5;30;40m@X8XXXX@@X[0m
[0;5;30;40mXX[0;5;34;40mX[0;5;30;40m8XX8@@[0;5;32;40mX[0;5;30;40m8[0;5;34;40mX[0;5;32;40m8[0;1;30;47mS[0;5;37;46m8[0;1;30;47m;[0;5;36;40m8%.[0;37;46m8[0;5;36;40mt:[0;36;47m8[0;1;36;47mX[0;5;36;40m:X[0;5;30;40m8XXX8[0;5;32;40m@[0;5;30;40m8[0;5;34;40m@[0;5;30;40m8@XXXSXX8[0;5;32;40mX[0;5;30;40m8[0;5;34;40m@[0;5;30;40m8SXXSXX8[0;5;32;40mX[0;5;30;40m8[0;5;34;40m@[0;5;30;40m88XXS@[0;5;34;40m8[0;5;30;40m@@@SX@@XX[0;5;36;40m@[0;1;30;47mX[0;5;37;46mX[0;5;37;47mt[0;5;37;46m%[0;5;37;40m8[0;5;30;40mSX[0;5;32;40m@[0;1;36;47mX[0;1;37;47m8[0;5;37;46mt[0;1;37;47m8[0;5;37;46m%[0;1;37;47m8[0;5;37;46m%[0;1;30;47m [0;5;34;40mX[0;5;30;40m8XXXX[0;5;34;40mX[0;5;30;40m8[0;5;32;40mX[0;5;30;40m@[0m
[0;5;30;40mXX8[0;5;32;40mX[0;5;30;40m8[0;5;34;40m@[0;5;30;40m@S@[0;5;34;40m8[0;5;30;40m@8[0;36;47m@[0;1;36;47m8[0;5;36;40m%8[0;36;47m8[0;1;36;47mX[0;5;36;40m.[0;1;30;46m8[0;5;37;47mt[0;5;37;46m@[0;5;36;40m%[0;1;30;47m%[0;5;37;46m8[0;5;31;40mS[0;5;30;40mX[0;5;36;40m@%tS[0;5;34;40mS[0;5;36;40m: .S[0;5;30;40m@X[0;5;36;40m%ttX%:.tX[0;5;30;40m8X[0;5;34;40mX[0;5;36;40m@%[0;1;30;46m8[0;1;30;47mS[0;1;30;46m8[0;5;36;40m;S[0;5;30;40m@XSX[0;5;36;40mX;  [0;1;30;46m8[0;5;36;40m.@[0;5;30;40m8XXS[0;5;36;40mS[0;36;47m@[0;5;37;46mt[0;1;37;47m8[0;5;37;46mS[0;1;37;47m8[0;1;30;46m8[0;5;36;40m8[0;5;30;40m8[0;5;36;40m:[0;5;37;46m:[0;5;37;47m%[0;36;47m8[0;1;30;46m8[0;5;37;40m8[0;1;30;46m8[0;5;37;40m@[0;5;36;40m8[0;5;30;40m8[0;5;32;40mX[0;5;30;40m8[0;5;34;40m@[0;5;30;40m8@@X@[0;5;34;40m@[0m
[0;5;30;40mXX@[0;5;34;40m8[0;5;30;40m@@XX@@@[0;5;36;40mt[0;1;36;47mS[0;36;47m8[0;5;30;40m@[0;36;47m8[0;1;36;47mX[0;5;36;40mX%X[0;1;36;47m8[0;1;30;47m@[0;5;32;40m@[0;5;36;40m8[0;1;36;47mS[0;5;36;40m@[0;5;30;40m@[0;5;36;40m [0;5;1;36;47m8[0;1;36;47mXXS[0;5;1;36;47m8[0;5;1;37;46m8[0;1;37;47m8[0;5;37;46m8[0;5;36;40m%[0;5;30;40m8[0;36;47mX[0;5;1;37;46m8[0;1;37;47m8[0;5;37;46m8[0;1;37;47m8[0;5;37;46m [0;5;37;47m.[0;5;37;46mS[0;1;30;47m [0;5;32;40mS[0;5;30;40m8[0;36;47m@[0;1;36;47mS[0;5;1;36;47m8[0;1;36;47m@[0;36;47m8[0;1;36;47mS[0;5;1;37;46m8[0;1;37;47m8[0;1;30;46m8[0;5;36;40mX[0;5;30;40m@[0;36;47m8[0;1;36;47mS[0;5;1;37;46m8[0;1;37;47m8[0;5;37;46m:[0;5;37;47mt[0;5;37;46m@[0;1;30;47m [0;5;36;40m8[0;5;30;40m8X[0;5;36;40m:[0;1;36;47mS[0;5;37;47m.[0;1;30;46m8[0;37;46m8[0;1;37;47m8[0;5;37;46m;[0;5;37;40m8[0;5;30;40m8[0;5;34;40mX[0;1;30;47m:[0;1;36;47mX[0;5;37;46m;[0;1;37;47m8[0;5;37;46m8[0;1;37;47m8[0;5;37;46m8[0;36;47m@[0;5;36;40m%[0;5;30;40mX[0;5;34;40m8[0;5;30;40m@@X[0;5;32;40mX[0;5;30;40m8[0;5;34;40m@[0;5;30;40m@@[0m
[0;5;30;40mXXX8XXXXSX[0;5;32;40mS[0;5;36;40mt[0;5;1;37;46m8[0;5;36;40m @[0;1;36;47mX[0;36;47m8[0;5;30;40m@@[0;5;36;40m [0;5;37;46mt[0;5;36;40m.[0;5;30;40m8[0;36;47m@[0;1;36;47m@[0;5;36;40mX[0;5;30;40mX[0;36;47m8[0;5;37;46mt[0;5;37;47m;[0;5;37;46m8[0;5;36;40m%%[0;1;36;47m@[0;5;37;46mt[0;1;37;47m8[0;5;36;40m8X[0;36;47m@[0;5;37;46mt[0;1;37;47m8[0;1;36;46m8[0;5;36;40m. [0;5;37;46mt[0;5;37;47mX[0;5;37;46mX[0;5;34;40mX[0;5;32;40mX[0;5;36;40mSt[0;36;47m8[0;5;36;40m;[0;36;47m8[0;1;36;47m@X[0;5;37;46m:[0;1;37;47m%[0;5;30;40m@[0;36;47m8[0;1;36;47mX[0;5;1;36;47m8[0;1;36;47m8[0;5;36;40m8[0;5;31;40mS[0;37;46m@[0;1;36;47mS[0;5;37;46m%[0;1;30;47m [0;5;36;40m8[0;36;47m8[0;5;1;37;46m8[0;5;37;46mX[0;5;36;40mtt[0;37;46m8[0;5;37;46m%[0;5;37;47mX[0;1;30;46m8[0;5;36;40mt[0;5;32;40m8[0;5;36;40mt[0;36;47mXX[0;1;30;46m8[0;5;36;40m:[0;36;47m8[0;5;37;46m%[0;5;37;47mS[0;5;37;46m8[0;5;36;40mt[0;5;30;40m@X@X8X@XX[0m
[0;5;30;40mXXXSXSXXX[0;5;34;40m@[0;5;30;40m8[0;5;36;40mS[0;1;36;47mS@[0;5;36;40m%[0;5;37;40m8[0;1;36;47m@[0;36;47m8[0;1;36;47m@[0;1;37;47m8[0;1;36;47m@[0;36;47m8[0;1;36;47m@[0;36;47m@[0;5;36;40mS[0;5;30;40m8X[0;1;30;47mS[0;1;36;47mX[0;5;37;46m%[0;1;30;47m.[0;5;32;40mX[0;5;30;40m@[0;1;36;47mS[0;5;37;47mt[0;5;37;46mS[0;5;36;40m.[0;5;30;40mX[0;1;36;47mS[0;1;37;47m8[0;5;37;46m;[0;1;30;47m8[0;5;32;40mS[0;5;36;40m:[0;1;37;47m8[0;5;37;46m%[0;1;37;47m8[0;5;36;40m8X[0;1;36;47mSX[0;5;37;46m;[0;1;37;47m:[0;1;30;46m8[0;36;47mX[0;5;37;47m:[0;5;37;46m@[0;1;36;47mX[0;5;32;40mX[0;36;47m8[0;5;37;46m;[0;1;37;47m8[0;37;46m8[0;5;32;40m8[0;5;30;40m8[0;5;36;40m.[0;5;1;36;47m8[0;1;37;47m8[0;5;37;46m8[0;5;36;40m%[0;1;37;47m8[0;5;37;46mS[0;5;37;47m%[0;5;37;46m%[0;5;37;47mS[0;5;37;46mX[0;5;37;47mX[0;5;37;46mS[0;5;37;47m%[0;1;36;47m8[0;5;34;40mS[0;5;36;40m%;[0;36;47m8[0;5;36;40mS[0;5;32;40mS[0;5;36;40mS[0;1;37;47m8[0;5;37;46mS[0;1;37;47m8[0;5;36;40m8[0;5;30;40m8XXX[0;5;34;40m@[0;5;30;40m@XSX[0m
[0;5;30;40mX[0;5;34;40mX[0;5;30;40m8XXX[0;5;34;40mX[0;5;30;40m8@8X8[0;5;36;40mS[0;1;30;47m:[0;1;36;47m8[0;1;30;46m8[0;5;36;40m t8[0;5;32;40mX[0;5;36;40mS [0;36;47m8[0;5;36;40mS[0;5;30;40m@XX[0;1;30;46m8[0;5;37;47m.[0;5;37;46mX[0;36;47m@[0;5;34;40mS[0;5;32;40m@[0;1;36;47m8[0;5;37;46mX[0;1;37;47m8[0;1;30;46m8[0;5;32;40mS[0;36;47m8[0;5;37;46m;[0;5;37;47mX[0;1;30;46m8[0;5;34;40mS[0;5;36;40m@[0;1;36;47m@[0;1;37;47m8[0;5;37;46m%[0;5;30;40mS[0;5;36;40m:[0;1;36;47mS[0;5;37;47m [0;5;37;46m8[0;5;36;40m [0;36;47m8[0;5;37;46m@X[0;5;37;47mX[0;1;36;47m8[0;5;30;40m@[0;5;36;40m:[0;1;37;47m8[0;5;37;46mS[0;1;37;47m8[0;36;47m8[0;1;36;47mX[0;5;37;46m%[0;1;37;47m8[0;5;37;46mX[0;5;36;40m;8X.[0;1;30;46m8[0;5;36;40m [0;1;30;46m8[0;36;47mX[0;5;37;46mX[0;5;37;47mX[0;1;36;46mt[0;5;36;40m;[0;5;32;40mS[0;1;36;47m@S[0;5;37;46mt[0;1;37;47m:[0;1;30;46m8[0;1;36;47mX[0;5;37;46mX[0;1;37;47m8[0;5;36;46m8[0;5;31;40mS[0;5;30;40m@SXX8[0;5;32;40mX[0;5;30;40m@@[0;5;34;40mX[0m
[0;5;30;40mX8SSXX8[0;5;32;40mX[0;5;30;40m8[0;5;34;40mX[0;5;30;40m8@8S[0;5;36;40mX[0;36;47m@[0;1;36;47m@X[0;36;47m@[0;1;36;47m@@[0;36;47m@[0;37;46m8[0;5;36;40m%[0;5;30;40m@X[0;5;36;40mXS[0;37;46m8[0;36;47mX[0;5;36;40m;8[0;1;30;40m8[0;1;30;47mS[0;36;47m88[0;5;36;40mX[0;5;34;40mX[0;5;37;40m8[0;36;47m@8[0;5;36;40mt[0;5;32;40m@[0;5;30;40mS[0;36;47m888[0;5;36;40mXX[0;1;30;46m8[0;36;47m8[0;1;36;47m@[0;36;47m@8[0;5;36;40m [0;36;47m@[0;37;46m8[0;36;47m8[0;5;36;40m8[0;5;30;40m8[0;5;36;40m8;[0;36;47m8[0;1;36;47m@[0;36;47m8@[0;1;30;46m8[0;5;36;40m:[0;5;32;40m@[0;5;30;40m8S[0;5;36;40mS[0;5;32;40mS[0;5;36;40mS[0;5;30;40mS[0;5;36;40m:[0;36;47m88[0;5;36;40m%[0;5;32;40mS[0;5;30;40m8[0;5;36;40mX [0;1;30;47m:[0;36;47m8[0;1;36;47m@[0;1;30;47m:[0;37;46m8[0;5;36;40mS[0;5;33;40mX[0;5;30;40m8SXXS@[0;5;34;40m8[0;5;30;40m@X8[0m
[0;5;30;40mXSXXXX@[0;5;34;40m8[0;5;30;40m8@[0;5;32;40mX[0;5;30;40m@@[0;5;34;40mX[0;5;32;40m8[0;5;30;40m@S[0;5;36;40m@[0;5;30;40m@X[0;5;36;40m@[0;5;30;40m@X@X@@[0;5;34;40mS[0;5;32;40m@[0;5;34;40mS[0;5;32;40m@[0;5;30;40m8@[0;5;34;40mX[0;5;32;40m@[0;5;34;40mX[0;5;30;40m8[0;5;32;40m8[0;5;30;40m@[0;5;36;40m8[0;5;30;40m8S@[0;5;34;40mX[0;5;32;40m@[0;5;36;40m8[0;5;30;40m88@[0;5;36;40m%[0;5;30;40m8[0;5;32;40mS[0;5;36;40m8[0;5;30;40m@[0;5;32;40mS[0;5;36;40m@[0;5;30;40m8@8@@[0;5;36;40m8[0;5;30;40m@S[0;5;36;40m8[0;5;30;40mX[0;5;36;40m%[0;5;30;40m8X@@@@8X[0;5;36;40mX[0;5;32;40m8[0;5;30;40mSS8@X[0;5;36;40m8[0;5;30;40m8[0;5;36;40m8[0;1;30;40m8[0;5;32;40mS[0;5;34;40mX[0;5;32;40m8[0;5;30;40m8[0;5;34;40m8[0;5;30;40m8SXXX8XSX[0m
[0;5;30;40mXXX[0;5;34;40mX[0;5;30;40m8SX8XX@[0;5;34;40m8[0;5;30;40m88X[0;5;34;40m@[0;5;30;40m88X@8XXX[0;5;34;40mX[0;5;30;40m8X8@8X@@@88X8@8XX@@88@X@@@88@@8XSXX@8X@8@@X@[0;5;34;40m@[0;5;30;40m@XX@@@@@[0;5;34;40mX[0;5;30;40m@X8@88@8888@XSXXXSXXX[0m
[0;5;30;40mX[0;5;34;40mX[0;5;30;40m88[0;5;32;40mX[0;5;30;40m8[0;5;34;40m@[0;5;30;40m8[0;5;32;40mX[0;5;30;40m8@@XX@@@XXXX[0;5;34;40mX[0;5;30;40m8X8XSXX[0;5;34;40m@[0;5;30;40m@@[0;5;34;40mX[0;5;30;40m8SSX[0;5;34;40m@[0;5;30;40m@XX[0;5;34;40mX[0;5;30;40m8S@[0;5;34;40m@[0;5;30;40m@XXX[0;5;34;40m@[0;5;30;40m@X@[0;5;34;40m@[0;5;30;40m@XXXXXXXXXXX[0;5;34;40mX[0;5;30;40m@@XX[0;5;34;40m@[0;5;30;40m@X@[0;5;34;40m@[0;5;30;40m88SX[0;5;34;40mX[0;5;30;40m8XX[0;5;34;40mX[0;5;30;40m@X[0;5;34;40m@[0;5;30;40m@SXX[0;5;34;40mX[0;5;30;40m8SX[0;5;34;40mX[0;5;30;40m8S[0m
[0;5;30;40mX8[0;5;32;40mX[0;5;30;40m8[0;5;34;40m8[0;5;30;40m88X8[0;5;34;40m@[0;5;30;40m@XXSXXSX[0;5;34;40mX[0;5;30;40m8@@XSSXXXX8XX8XSXX8XS@8XS@@XXXX8XXX@@XX[0;5;34;40mX[0;5;30;40m8SX[0;5;34;40m@[0;5;30;40m8SXX8XXXX8XXX@@[0;5;32;40mS[0;5;30;40m8@@SXX8S@@XXXX8SX@8[0;5;32;40mX[0;5;30;40m8[0m
[0;5;30;40mX@[0;5;34;40m8[0;5;30;40m@@@[0;5;32;40mX[0;5;30;40m@@XXXXX[0;5;34;40mX[0;5;30;40m8XX8[0;5;32;40mX[0;5;30;40m@XSXXX[0;5;34;40mX[0;5;30;40m8XSXXSSXXXSXXSSXXXXX[0;5;34;40mX[0;5;30;40m8XSXXSXSXX@SXX8[0;5;32;40mS[0;5;30;40m8[0;5;34;40m@[0;5;30;40m8[0;5;32;40mX[0;5;30;40m8XXSXSXXS@[0;5;34;40m8[0;5;30;40m@SXXXXSXSXSXXXSXXS@[0;5;34;40m8[0;5;30;40m8[0m
[0;5;30;40mX@@XX@[0;5;34;40m@[0;5;30;40m8XXX[0;5;34;40mX[0;5;30;40m8@8[0;5;32;40mX[0;5;30;40m8[0;5;34;40mX[0;5;30;40m8@[0;5;34;40m@[0;5;30;40m8XX[0;5;34;40mX[0;5;30;40m88[0;5;32;40mX[0;5;30;40m8[0;5;34;40m@[0;5;30;40m8SXX[0;5;34;40mX[0;5;30;40m8SX[0;5;34;40mX[0;5;30;40m8XXX[0;5;34;40mX[0;5;30;40m8S@8[0;5;32;40mX[0;5;30;40m8[0;5;34;40m@[0;5;30;40m8SXXX[0;5;34;40mX[0;5;30;40m8[0;5;32;40mX[0;5;30;40m8[0;5;34;40m@[0;5;30;40m8X8@@X8[0;5;34;40m@[0;5;30;40m8SXXX[0;5;34;40m@[0;5;30;40m8XX8XXX[0;5;34;40mX[0;5;30;40m8SXXXXX[0;5;34;40mX[0;5;30;40m8SXX[0;5;34;40mX[0;5;30;40m8X8S[0m
[0;5;30;40mXXXXXX@XX[0;5;34;40mX[0;5;30;40m88[0;5;32;40mX[0;5;30;40m8[0;5;34;40m@[0;5;30;40m8@@S@@XS@8[0;5;32;40mX[0;5;30;40m8[0;5;34;40m8[0;5;30;40m8@[0;5;32;40m@[0;5;30;40m8[0;5;34;40m@[0;5;30;40m88[0;5;32;40mX[0;5;30;40m8@@SXXX8[0;5;32;40mS[0;5;30;40m8[0;5;34;40mX[0;5;30;40m8@@@XSX[0;5;34;40mX[0;5;30;40m88X8@@[0;5;32;40mX[0;5;30;40m8[0;5;34;40m@[0;5;30;40m@SXX@SXX[0;5;34;40mX[0;5;30;40m88[0;5;32;40mX[0;5;30;40m8[0;5;34;40mX[0;5;30;40m8XSX8SXX[0;5;34;40mX[0;5;30;40m8SX8SXXX8XSXX[0m
[0;5;30;40mXXXX[0;5;34;40mX[0;5;30;40m8XXX8[0;5;32;40mX[0;5;30;40m@[0;5;34;40m@[0;5;30;40m@XXXXXSXXXS@[0;5;34;40m8[0;5;30;40m8X@@[0;5;34;40m@[0;5;30;40m88[0;5;32;40m@[0;5;30;40m8[0;5;34;40m8[0;5;30;40m8SXXX[0;5;34;40mX[0;5;30;40m8X8@@S[0;5;34;40mX[0;5;30;40m8XSXX8[0;5;32;40m@[0;5;30;40m8[0;5;34;40m@[0;5;30;40m@S@[0;5;34;40m8[0;5;30;40m@@XXX[0;5;34;40mX[0;5;30;40m8XXX8[0;5;32;40m@[0;5;30;40m8[0;5;34;40m8[0;5;30;40m@@@SXSXSXX8SXXSXX[0;5;34;40mX[0;5;30;40m8[0;5;32;40mX[0;5;30;40m8[0;5;34;40mX[0;5;30;40m8X[0m
